0;2450;1;50;49
1;2451;2;51;0
2;2452;3;52;1
3;2453;4;53;2
4;2454;5;54;3
5;2455;6;55;4
6;2456;7;56;5
7;2457;8;57;6
8;2458;9;58;7
9;2459;10;59;8
10;2460;11;60;9
11;2461;12;61;10
12;2462;13;62;11
13;2463;14;63;12
14;2464;15;64;13
15;2465;16;65;14
16;2466;17;66;15
17;2467;18;67;16
18;2468;19;68;17
19;2469;20;69;18
20;2470;21;70;19
21;2471;22;71;20
22;2472;23;72;21
23;2473;24;73;22
24;2474;25;74;23
25;2475;26;75;24
26;2476;27;76;25
27;2477;28;77;26
28;2478;29;78;27
29;2479;30;79;28
30;2480;31;80;29
31;2481;32;81;30
32;2482;33;82;31
33;2483;34;83;32
34;2484;35;84;33
35;2485;36;85;34
36;2486;37;86;35
37;2487;38;87;36
38;2488;39;88;37
39;2489;40;89;38
40;2490;41;90;39
41;2491;42;91;40
42;2492;43;92;41
43;2493;44;93;42
44;2494;45;94;43
45;2495;46;95;44
46;2496;47;96;45
47;2497;48;97;46
48;2498;49;98;47
49;2499;0;99;48
50;0;51;100;99
51;1;52;101;50
52;2;53;102;51
53;3;54;103;52
54;4;55;104;53
55;5;56;105;54
56;6;57;106;55
57;7;58;107;56
58;8;59;108;57
59;9;60;109;58
60;10;61;110;59
61;11;62;111;60
62;12;63;112;61
63;13;64;113;62
64;14;65;114;63
65;15;66;115;64
66;16;67;116;65
67;17;68;117;66
68;18;69;118;67
69;19;70;119;68
70;20;71;120;69
71;21;72;121;70
72;22;73;122;71
73;23;74;123;72
74;24;75;124;73
75;25;76;125;74
76;26;77;126;75
77;27;78;127;76
78;28;79;128;77
79;29;80;129;78
80;30;81;130;79
81;31;82;131;80
82;32;83;132;81
83;33;84;133;82
84;34;85;134;83
85;35;86;135;84
86;36;87;136;85
87;37;88;137;86
88;38;89;138;87
89;39;90;139;88
90;40;91;140;89
91;41;92;141;90
92;42;93;142;91
93;43;94;143;92
94;44;95;144;93
95;45;96;145;94
96;46;97;146;95
97;47;98;147;96
98;48;99;148;97
99;49;50;149;98
100;50;101;150;149
101;51;102;151;100
102;52;103;152;101
103;53;104;153;102
104;54;105;154;103
105;55;106;155;104
106;56;107;156;105
107;57;108;157;106
108;58;109;158;107
109;59;110;159;108
110;60;111;160;109
111;61;112;161;110
112;62;113;162;111
113;63;114;163;112
114;64;115;164;113
115;65;116;165;114
116;66;117;166;115
117;67;118;167;116
118;68;119;168;117
119;69;120;169;118
120;70;121;170;119
121;71;122;171;120
122;72;123;172;121
123;73;124;173;122
124;74;125;174;123
125;75;126;175;124
126;76;127;176;125
127;77;128;177;126
128;78;129;178;127
129;79;130;179;128
130;80;131;180;129
131;81;132;181;130
132;82;133;182;131
133;83;134;183;132
134;84;135;184;133
135;85;136;185;134
136;86;137;186;135
137;87;138;187;136
138;88;139;188;137
139;89;140;189;138
140;90;141;190;139
141;91;142;191;140
142;92;143;192;141
143;93;144;193;142
144;94;145;194;143
145;95;146;195;144
146;96;147;196;145
147;97;148;197;146
148;98;149;198;147
149;99;100;199;148
150;100;151;200;199
151;101;152;201;150
152;102;153;202;151
153;103;154;203;152
154;104;155;204;153
155;105;156;205;154
156;106;157;206;155
157;107;158;207;156
158;108;159;208;157
159;109;160;209;158
160;110;161;210;159
161;111;162;211;160
162;112;163;212;161
163;113;164;213;162
164;114;165;214;163
165;115;166;215;164
166;116;167;216;165
167;117;168;217;166
168;118;169;218;167
169;119;170;219;168
170;120;171;220;169
171;121;172;221;170
172;122;173;222;171
173;123;174;223;172
174;124;175;224;173
175;125;176;225;174
176;126;177;226;175
177;127;178;227;176
178;128;179;228;177
179;129;180;229;178
180;130;181;230;179
181;131;182;231;180
182;132;183;232;181
183;133;184;233;182
184;134;185;234;183
185;135;186;235;184
186;136;187;236;185
187;137;188;237;186
188;138;189;238;187
189;139;190;239;188
190;140;191;240;189
191;141;192;241;190
192;142;193;242;191
193;143;194;243;192
194;144;195;244;193
195;145;196;245;194
196;146;197;246;195
197;147;198;247;196
198;148;199;248;197
199;149;150;249;198
200;150;201;250;249
201;151;202;251;200
202;152;203;252;201
203;153;204;253;202
204;154;205;254;203
205;155;206;255;204
206;156;207;256;205
207;157;208;257;206
208;158;209;258;207
209;159;210;259;208
210;160;211;260;209
211;161;212;261;210
212;162;213;262;211
213;163;214;263;212
214;164;215;264;213
215;165;216;265;214
216;166;217;266;215
217;167;218;267;216
218;168;219;268;217
219;169;220;269;218
220;170;221;270;219
221;171;222;271;220
222;172;223;272;221
223;173;224;273;222
224;174;225;274;223
225;175;226;275;224
226;176;227;276;225
227;177;228;277;226
228;178;229;278;227
229;179;230;279;228
230;180;231;280;229
231;181;232;281;230
232;182;233;282;231
233;183;234;283;232
234;184;235;284;233
235;185;236;285;234
236;186;237;286;235
237;187;238;287;236
238;188;239;288;237
239;189;240;289;238
240;190;241;290;239
241;191;242;291;240
242;192;243;292;241
243;193;244;293;242
244;194;245;294;243
245;195;246;295;244
246;196;247;296;245
247;197;248;297;246
248;198;249;298;247
249;199;200;299;248
250;200;251;300;299
251;201;252;301;250
252;202;253;302;251
253;203;254;303;252
254;204;255;304;253
255;205;256;305;254
256;206;257;306;255
257;207;258;307;256
258;208;259;308;257
259;209;260;309;258
260;210;261;310;259
261;211;262;311;260
262;212;263;312;261
263;213;264;313;262
264;214;265;314;263
265;215;266;315;264
266;216;267;316;265
267;217;268;317;266
268;218;269;318;267
269;219;270;319;268
270;220;271;320;269
271;221;272;321;270
272;222;273;322;271
273;223;274;323;272
274;224;275;324;273
275;225;276;325;274
276;226;277;326;275
277;227;278;327;276
278;228;279;328;277
279;229;280;329;278
280;230;281;330;279
281;231;282;331;280
282;232;283;332;281
283;233;284;333;282
284;234;285;334;283
285;235;286;335;284
286;236;287;336;285
287;237;288;337;286
288;238;289;338;287
289;239;290;339;288
290;240;291;340;289
291;241;292;341;290
292;242;293;342;291
293;243;294;343;292
294;244;295;344;293
295;245;296;345;294
296;246;297;346;295
297;247;298;347;296
298;248;299;348;297
299;249;250;349;298
300;250;301;350;349
301;251;302;351;300
302;252;303;352;301
303;253;304;353;302
304;254;305;354;303
305;255;306;355;304
306;256;307;356;305
307;257;308;357;306
308;258;309;358;307
309;259;310;359;308
310;260;311;360;309
311;261;312;361;310
312;262;313;362;311
313;263;314;363;312
314;264;315;364;313
315;265;316;365;314
316;266;317;366;315
317;267;318;367;316
318;268;319;368;317
319;269;320;369;318
320;270;321;370;319
321;271;322;371;320
322;272;323;372;321
323;273;324;373;322
324;274;325;374;323
325;275;326;375;324
326;276;327;376;325
327;277;328;377;326
328;278;329;378;327
329;279;330;379;328
330;280;331;380;329
331;281;332;381;330
332;282;333;382;331
333;283;334;383;332
334;284;335;384;333
335;285;336;385;334
336;286;337;386;335
337;287;338;387;336
338;288;339;388;337
339;289;340;389;338
340;290;341;390;339
341;291;342;391;340
342;292;343;392;341
343;293;344;393;342
344;294;345;394;343
345;295;346;395;344
346;296;347;396;345
347;297;348;397;346
348;298;349;398;347
349;299;300;399;348
350;300;351;400;399
351;301;352;401;350
352;302;353;402;351
353;303;354;403;352
354;304;355;404;353
355;305;356;405;354
356;306;357;406;355
357;307;358;407;356
358;308;359;408;357
359;309;360;409;358
360;310;361;410;359
361;311;362;411;360
362;312;363;412;361
363;313;364;413;362
364;314;365;414;363
365;315;366;415;364
366;316;367;416;365
367;317;368;417;366
368;318;369;418;367
369;319;370;419;368
370;320;371;420;369
371;321;372;421;370
372;322;373;422;371
373;323;374;423;372
374;324;375;424;373
375;325;376;425;374
376;326;377;426;375
377;327;378;427;376
378;328;379;428;377
379;329;380;429;378
380;330;381;430;379
381;331;382;431;380
382;332;383;432;381
383;333;384;433;382
384;334;385;434;383
385;335;386;435;384
386;336;387;436;385
387;337;388;437;386
388;338;389;438;387
389;339;390;439;388
390;340;391;440;389
391;341;392;441;390
392;342;393;442;391
393;343;394;443;392
394;344;395;444;393
395;345;396;445;394
396;346;397;446;395
397;347;398;447;396
398;348;399;448;397
399;349;350;449;398
400;350;401;450;449
401;351;402;451;400
402;352;403;452;401
403;353;404;453;402
404;354;405;454;403
405;355;406;455;404
406;356;407;456;405
407;357;408;457;406
408;358;409;458;407
409;359;410;459;408
410;360;411;460;409
411;361;412;461;410
412;362;413;462;411
413;363;414;463;412
414;364;415;464;413
415;365;416;465;414
416;366;417;466;415
417;367;418;467;416
418;368;419;468;417
419;369;420;469;418
420;370;421;470;419
421;371;422;471;420
422;372;423;472;421
423;373;424;473;422
424;374;425;474;423
425;375;426;475;424
426;376;427;476;425
427;377;428;477;426
428;378;429;478;427
429;379;430;479;428
430;380;431;480;429
431;381;432;481;430
432;382;433;482;431
433;383;434;483;432
434;384;435;484;433
435;385;436;485;434
436;386;437;486;435
437;387;438;487;436
438;388;439;488;437
439;389;440;489;438
440;390;441;490;439
441;391;442;491;440
442;392;443;492;441
443;393;444;493;442
444;394;445;494;443
445;395;446;495;444
446;396;447;496;445
447;397;448;497;446
448;398;449;498;447
449;399;400;499;448
450;400;451;500;499
451;401;452;501;450
452;402;453;502;451
453;403;454;503;452
454;404;455;504;453
455;405;456;505;454
456;406;457;506;455
457;407;458;507;456
458;408;459;508;457
459;409;460;509;458
460;410;461;510;459
461;411;462;511;460
462;412;463;512;461
463;413;464;513;462
464;414;465;514;463
465;415;466;515;464
466;416;467;516;465
467;417;468;517;466
468;418;469;518;467
469;419;470;519;468
470;420;471;520;469
471;421;472;521;470
472;422;473;522;471
473;423;474;523;472
474;424;475;524;473
475;425;476;525;474
476;426;477;526;475
477;427;478;527;476
478;428;479;528;477
479;429;480;529;478
480;430;481;530;479
481;431;482;531;480
482;432;483;532;481
483;433;484;533;482
484;434;485;534;483
485;435;486;535;484
486;436;487;536;485
487;437;488;537;486
488;438;489;538;487
489;439;490;539;488
490;440;491;540;489
491;441;492;541;490
492;442;493;542;491
493;443;494;543;492
494;444;495;544;493
495;445;496;545;494
496;446;497;546;495
497;447;498;547;496
498;448;499;548;497
499;449;450;549;498
500;450;501;550;549
501;451;502;551;500
502;452;503;552;501
503;453;504;553;502
504;454;505;554;503
505;455;506;555;504
506;456;507;556;505
507;457;508;557;506
508;458;509;558;507
509;459;510;559;508
510;460;511;560;509
511;461;512;561;510
512;462;513;562;511
513;463;514;563;512
514;464;515;564;513
515;465;516;565;514
516;466;517;566;515
517;467;518;567;516
518;468;519;568;517
519;469;520;569;518
520;470;521;570;519
521;471;522;571;520
522;472;523;572;521
523;473;524;573;522
524;474;525;574;523
525;475;526;575;524
526;476;527;576;525
527;477;528;577;526
528;478;529;578;527
529;479;530;579;528
530;480;531;580;529
531;481;532;581;530
532;482;533;582;531
533;483;534;583;532
534;484;535;584;533
535;485;536;585;534
536;486;537;586;535
537;487;538;587;536
538;488;539;588;537
539;489;540;589;538
540;490;541;590;539
541;491;542;591;540
542;492;543;592;541
543;493;544;593;542
544;494;545;594;543
545;495;546;595;544
546;496;547;596;545
547;497;548;597;546
548;498;549;598;547
549;499;500;599;548
550;500;551;600;599
551;501;552;601;550
552;502;553;602;551
553;503;554;603;552
554;504;555;604;553
555;505;556;605;554
556;506;557;606;555
557;507;558;607;556
558;508;559;608;557
559;509;560;609;558
560;510;561;610;559
561;511;562;611;560
562;512;563;612;561
563;513;564;613;562
564;514;565;614;563
565;515;566;615;564
566;516;567;616;565
567;517;568;617;566
568;518;569;618;567
569;519;570;619;568
570;520;571;620;569
571;521;572;621;570
572;522;573;622;571
573;523;574;623;572
574;524;575;624;573
575;525;576;625;574
576;526;577;626;575
577;527;578;627;576
578;528;579;628;577
579;529;580;629;578
580;530;581;630;579
581;531;582;631;580
582;532;583;632;581
583;533;584;633;582
584;534;585;634;583
585;535;586;635;584
586;536;587;636;585
587;537;588;637;586
588;538;589;638;587
589;539;590;639;588
590;540;591;640;589
591;541;592;641;590
592;542;593;642;591
593;543;594;643;592
594;544;595;644;593
595;545;596;645;594
596;546;597;646;595
597;547;598;647;596
598;548;599;648;597
599;549;550;649;598
600;550;601;650;649
601;551;602;651;600
602;552;603;652;601
603;553;604;653;602
604;554;605;654;603
605;555;606;655;604
606;556;607;656;605
607;557;608;657;606
608;558;609;658;607
609;559;610;659;608
610;560;611;660;609
611;561;612;661;610
612;562;613;662;611
613;563;614;663;612
614;564;615;664;613
615;565;616;665;614
616;566;617;666;615
617;567;618;667;616
618;568;619;668;617
619;569;620;669;618
620;570;621;670;619
621;571;622;671;620
622;572;623;672;621
623;573;624;673;622
624;574;625;674;623
625;575;626;675;624
626;576;627;676;625
627;577;628;677;626
628;578;629;678;627
629;579;630;679;628
630;580;631;680;629
631;581;632;681;630
632;582;633;682;631
633;583;634;683;632
634;584;635;684;633
635;585;636;685;634
636;586;637;686;635
637;587;638;687;636
638;588;639;688;637
639;589;640;689;638
640;590;641;690;639
641;591;642;691;640
642;592;643;692;641
643;593;644;693;642
644;594;645;694;643
645;595;646;695;644
646;596;647;696;645
647;597;648;697;646
648;598;649;698;647
649;599;600;699;648
650;600;651;700;699
651;601;652;701;650
652;602;653;702;651
653;603;654;703;652
654;604;655;704;653
655;605;656;705;654
656;606;657;706;655
657;607;658;707;656
658;608;659;708;657
659;609;660;709;658
660;610;661;710;659
661;611;662;711;660
662;612;663;712;661
663;613;664;713;662
664;614;665;714;663
665;615;666;715;664
666;616;667;716;665
667;617;668;717;666
668;618;669;718;667
669;619;670;719;668
670;620;671;720;669
671;621;672;721;670
672;622;673;722;671
673;623;674;723;672
674;624;675;724;673
675;625;676;725;674
676;626;677;726;675
677;627;678;727;676
678;628;679;728;677
679;629;680;729;678
680;630;681;730;679
681;631;682;731;680
682;632;683;732;681
683;633;684;733;682
684;634;685;734;683
685;635;686;735;684
686;636;687;736;685
687;637;688;737;686
688;638;689;738;687
689;639;690;739;688
690;640;691;740;689
691;641;692;741;690
692;642;693;742;691
693;643;694;743;692
694;644;695;744;693
695;645;696;745;694
696;646;697;746;695
697;647;698;747;696
698;648;699;748;697
699;649;650;749;698
700;650;701;750;749
701;651;702;751;700
702;652;703;752;701
703;653;704;753;702
704;654;705;754;703
705;655;706;755;704
706;656;707;756;705
707;657;708;757;706
708;658;709;758;707
709;659;710;759;708
710;660;711;760;709
711;661;712;761;710
712;662;713;762;711
713;663;714;763;712
714;664;715;764;713
715;665;716;765;714
716;666;717;766;715
717;667;718;767;716
718;668;719;768;717
719;669;720;769;718
720;670;721;770;719
721;671;722;771;720
722;672;723;772;721
723;673;724;773;722
724;674;725;774;723
725;675;726;775;724
726;676;727;776;725
727;677;728;777;726
728;678;729;778;727
729;679;730;779;728
730;680;731;780;729
731;681;732;781;730
732;682;733;782;731
733;683;734;783;732
734;684;735;784;733
735;685;736;785;734
736;686;737;786;735
737;687;738;787;736
738;688;739;788;737
739;689;740;789;738
740;690;741;790;739
741;691;742;791;740
742;692;743;792;741
743;693;744;793;742
744;694;745;794;743
745;695;746;795;744
746;696;747;796;745
747;697;748;797;746
748;698;749;798;747
749;699;700;799;748
750;700;751;800;799
751;701;752;801;750
752;702;753;802;751
753;703;754;803;752
754;704;755;804;753
755;705;756;805;754
756;706;757;806;755
757;707;758;807;756
758;708;759;808;757
759;709;760;809;758
760;710;761;810;759
761;711;762;811;760
762;712;763;812;761
763;713;764;813;762
764;714;765;814;763
765;715;766;815;764
766;716;767;816;765
767;717;768;817;766
768;718;769;818;767
769;719;770;819;768
770;720;771;820;769
771;721;772;821;770
772;722;773;822;771
773;723;774;823;772
774;724;775;824;773
775;725;776;825;774
776;726;777;826;775
777;727;778;827;776
778;728;779;828;777
779;729;780;829;778
780;730;781;830;779
781;731;782;831;780
782;732;783;832;781
783;733;784;833;782
784;734;785;834;783
785;735;786;835;784
786;736;787;836;785
787;737;788;837;786
788;738;789;838;787
789;739;790;839;788
790;740;791;840;789
791;741;792;841;790
792;742;793;842;791
793;743;794;843;792
794;744;795;844;793
795;745;796;845;794
796;746;797;846;795
797;747;798;847;796
798;748;799;848;797
799;749;750;849;798
800;750;801;850;849
801;751;802;851;800
802;752;803;852;801
803;753;804;853;802
804;754;805;854;803
805;755;806;855;804
806;756;807;856;805
807;757;808;857;806
808;758;809;858;807
809;759;810;859;808
810;760;811;860;809
811;761;812;861;810
812;762;813;862;811
813;763;814;863;812
814;764;815;864;813
815;765;816;865;814
816;766;817;866;815
817;767;818;867;816
818;768;819;868;817
819;769;820;869;818
820;770;821;870;819
821;771;822;871;820
822;772;823;872;821
823;773;824;873;822
824;774;825;874;823
825;775;826;875;824
826;776;827;876;825
827;777;828;877;826
828;778;829;878;827
829;779;830;879;828
830;780;831;880;829
831;781;832;881;830
832;782;833;882;831
833;783;834;883;832
834;784;835;884;833
835;785;836;885;834
836;786;837;886;835
837;787;838;887;836
838;788;839;888;837
839;789;840;889;838
840;790;841;890;839
841;791;842;891;840
842;792;843;892;841
843;793;844;893;842
844;794;845;894;843
845;795;846;895;844
846;796;847;896;845
847;797;848;897;846
848;798;849;898;847
849;799;800;899;848
850;800;851;900;899
851;801;852;901;850
852;802;853;902;851
853;803;854;903;852
854;804;855;904;853
855;805;856;905;854
856;806;857;906;855
857;807;858;907;856
858;808;859;908;857
859;809;860;909;858
860;810;861;910;859
861;811;862;911;860
862;812;863;912;861
863;813;864;913;862
864;814;865;914;863
865;815;866;915;864
866;816;867;916;865
867;817;868;917;866
868;818;869;918;867
869;819;870;919;868
870;820;871;920;869
871;821;872;921;870
872;822;873;922;871
873;823;874;923;872
874;824;875;924;873
875;825;876;925;874
876;826;877;926;875
877;827;878;927;876
878;828;879;928;877
879;829;880;929;878
880;830;881;930;879
881;831;882;931;880
882;832;883;932;881
883;833;884;933;882
884;834;885;934;883
885;835;886;935;884
886;836;887;936;885
887;837;888;937;886
888;838;889;938;887
889;839;890;939;888
890;840;891;940;889
891;841;892;941;890
892;842;893;942;891
893;843;894;943;892
894;844;895;944;893
895;845;896;945;894
896;846;897;946;895
897;847;898;947;896
898;848;899;948;897
899;849;850;949;898
900;850;901;950;949
901;851;902;951;900
902;852;903;952;901
903;853;904;953;902
904;854;905;954;903
905;855;906;955;904
906;856;907;956;905
907;857;908;957;906
908;858;909;958;907
909;859;910;959;908
910;860;911;960;909
911;861;912;961;910
912;862;913;962;911
913;863;914;963;912
914;864;915;964;913
915;865;916;965;914
916;866;917;966;915
917;867;918;967;916
918;868;919;968;917
919;869;920;969;918
920;870;921;970;919
921;871;922;971;920
922;872;923;972;921
923;873;924;973;922
924;874;925;974;923
925;875;926;975;924
926;876;927;976;925
927;877;928;977;926
928;878;929;978;927
929;879;930;979;928
930;880;931;980;929
931;881;932;981;930
932;882;933;982;931
933;883;934;983;932
934;884;935;984;933
935;885;936;985;934
936;886;937;986;935
937;887;938;987;936
938;888;939;988;937
939;889;940;989;938
940;890;941;990;939
941;891;942;991;940
942;892;943;992;941
943;893;944;993;942
944;894;945;994;943
945;895;946;995;944
946;896;947;996;945
947;897;948;997;946
948;898;949;998;947
949;899;900;999;948
950;900;951;1000;999
951;901;952;1001;950
952;902;953;1002;951
953;903;954;1003;952
954;904;955;1004;953
955;905;956;1005;954
956;906;957;1006;955
957;907;958;1007;956
958;908;959;1008;957
959;909;960;1009;958
960;910;961;1010;959
961;911;962;1011;960
962;912;963;1012;961
963;913;964;1013;962
964;914;965;1014;963
965;915;966;1015;964
966;916;967;1016;965
967;917;968;1017;966
968;918;969;1018;967
969;919;970;1019;968
970;920;971;1020;969
971;921;972;1021;970
972;922;973;1022;971
973;923;974;1023;972
974;924;975;1024;973
975;925;976;1025;974
976;926;977;1026;975
977;927;978;1027;976
978;928;979;1028;977
979;929;980;1029;978
980;930;981;1030;979
981;931;982;1031;980
982;932;983;1032;981
983;933;984;1033;982
984;934;985;1034;983
985;935;986;1035;984
986;936;987;1036;985
987;937;988;1037;986
988;938;989;1038;987
989;939;990;1039;988
990;940;991;1040;989
991;941;992;1041;990
992;942;993;1042;991
993;943;994;1043;992
994;944;995;1044;993
995;945;996;1045;994
996;946;997;1046;995
997;947;998;1047;996
998;948;999;1048;997
999;949;950;1049;998
1000;950;1001;1050;1049
1001;951;1002;1051;1000
1002;952;1003;1052;1001
1003;953;1004;1053;1002
1004;954;1005;1054;1003
1005;955;1006;1055;1004
1006;956;1007;1056;1005
1007;957;1008;1057;1006
1008;958;1009;1058;1007
1009;959;1010;1059;1008
1010;960;1011;1060;1009
1011;961;1012;1061;1010
1012;962;1013;1062;1011
1013;963;1014;1063;1012
1014;964;1015;1064;1013
1015;965;1016;1065;1014
1016;966;1017;1066;1015
1017;967;1018;1067;1016
1018;968;1019;1068;1017
1019;969;1020;1069;1018
1020;970;1021;1070;1019
1021;971;1022;1071;1020
1022;972;1023;1072;1021
1023;973;1024;1073;1022
1024;974;1025;1074;1023
1025;975;1026;1075;1024
1026;976;1027;1076;1025
1027;977;1028;1077;1026
1028;978;1029;1078;1027
1029;979;1030;1079;1028
1030;980;1031;1080;1029
1031;981;1032;1081;1030
1032;982;1033;1082;1031
1033;983;1034;1083;1032
1034;984;1035;1084;1033
1035;985;1036;1085;1034
1036;986;1037;1086;1035
1037;987;1038;1087;1036
1038;988;1039;1088;1037
1039;989;1040;1089;1038
1040;990;1041;1090;1039
1041;991;1042;1091;1040
1042;992;1043;1092;1041
1043;993;1044;1093;1042
1044;994;1045;1094;1043
1045;995;1046;1095;1044
1046;996;1047;1096;1045
1047;997;1048;1097;1046
1048;998;1049;1098;1047
1049;999;1000;1099;1048
1050;1000;1051;1100;1099
1051;1001;1052;1101;1050
1052;1002;1053;1102;1051
1053;1003;1054;1103;1052
1054;1004;1055;1104;1053
1055;1005;1056;1105;1054
1056;1006;1057;1106;1055
1057;1007;1058;1107;1056
1058;1008;1059;1108;1057
1059;1009;1060;1109;1058
1060;1010;1061;1110;1059
1061;1011;1062;1111;1060
1062;1012;1063;1112;1061
1063;1013;1064;1113;1062
1064;1014;1065;1114;1063
1065;1015;1066;1115;1064
1066;1016;1067;1116;1065
1067;1017;1068;1117;1066
1068;1018;1069;1118;1067
1069;1019;1070;1119;1068
1070;1020;1071;1120;1069
1071;1021;1072;1121;1070
1072;1022;1073;1122;1071
1073;1023;1074;1123;1072
1074;1024;1075;1124;1073
1075;1025;1076;1125;1074
1076;1026;1077;1126;1075
1077;1027;1078;1127;1076
1078;1028;1079;1128;1077
1079;1029;1080;1129;1078
1080;1030;1081;1130;1079
1081;1031;1082;1131;1080
1082;1032;1083;1132;1081
1083;1033;1084;1133;1082
1084;1034;1085;1134;1083
1085;1035;1086;1135;1084
1086;1036;1087;1136;1085
1087;1037;1088;1137;1086
1088;1038;1089;1138;1087
1089;1039;1090;1139;1088
1090;1040;1091;1140;1089
1091;1041;1092;1141;1090
1092;1042;1093;1142;1091
1093;1043;1094;1143;1092
1094;1044;1095;1144;1093
1095;1045;1096;1145;1094
1096;1046;1097;1146;1095
1097;1047;1098;1147;1096
1098;1048;1099;1148;1097
1099;1049;1050;1149;1098
1100;1050;1101;1150;1149
1101;1051;1102;1151;1100
1102;1052;1103;1152;1101
1103;1053;1104;1153;1102
1104;1054;1105;1154;1103
1105;1055;1106;1155;1104
1106;1056;1107;1156;1105
1107;1057;1108;1157;1106
1108;1058;1109;1158;1107
1109;1059;1110;1159;1108
1110;1060;1111;1160;1109
1111;1061;1112;1161;1110
1112;1062;1113;1162;1111
1113;1063;1114;1163;1112
1114;1064;1115;1164;1113
1115;1065;1116;1165;1114
1116;1066;1117;1166;1115
1117;1067;1118;1167;1116
1118;1068;1119;1168;1117
1119;1069;1120;1169;1118
1120;1070;1121;1170;1119
1121;1071;1122;1171;1120
1122;1072;1123;1172;1121
1123;1073;1124;1173;1122
1124;1074;1125;1174;1123
1125;1075;1126;1175;1124
1126;1076;1127;1176;1125
1127;1077;1128;1177;1126
1128;1078;1129;1178;1127
1129;1079;1130;1179;1128
1130;1080;1131;1180;1129
1131;1081;1132;1181;1130
1132;1082;1133;1182;1131
1133;1083;1134;1183;1132
1134;1084;1135;1184;1133
1135;1085;1136;1185;1134
1136;1086;1137;1186;1135
1137;1087;1138;1187;1136
1138;1088;1139;1188;1137
1139;1089;1140;1189;1138
1140;1090;1141;1190;1139
1141;1091;1142;1191;1140
1142;1092;1143;1192;1141
1143;1093;1144;1193;1142
1144;1094;1145;1194;1143
1145;1095;1146;1195;1144
1146;1096;1147;1196;1145
1147;1097;1148;1197;1146
1148;1098;1149;1198;1147
1149;1099;1100;1199;1148
1150;1100;1151;1200;1199
1151;1101;1152;1201;1150
1152;1102;1153;1202;1151
1153;1103;1154;1203;1152
1154;1104;1155;1204;1153
1155;1105;1156;1205;1154
1156;1106;1157;1206;1155
1157;1107;1158;1207;1156
1158;1108;1159;1208;1157
1159;1109;1160;1209;1158
1160;1110;1161;1210;1159
1161;1111;1162;1211;1160
1162;1112;1163;1212;1161
1163;1113;1164;1213;1162
1164;1114;1165;1214;1163
1165;1115;1166;1215;1164
1166;1116;1167;1216;1165
1167;1117;1168;1217;1166
1168;1118;1169;1218;1167
1169;1119;1170;1219;1168
1170;1120;1171;1220;1169
1171;1121;1172;1221;1170
1172;1122;1173;1222;1171
1173;1123;1174;1223;1172
1174;1124;1175;1224;1173
1175;1125;1176;1225;1174
1176;1126;1177;1226;1175
1177;1127;1178;1227;1176
1178;1128;1179;1228;1177
1179;1129;1180;1229;1178
1180;1130;1181;1230;1179
1181;1131;1182;1231;1180
1182;1132;1183;1232;1181
1183;1133;1184;1233;1182
1184;1134;1185;1234;1183
1185;1135;1186;1235;1184
1186;1136;1187;1236;1185
1187;1137;1188;1237;1186
1188;1138;1189;1238;1187
1189;1139;1190;1239;1188
1190;1140;1191;1240;1189
1191;1141;1192;1241;1190
1192;1142;1193;1242;1191
1193;1143;1194;1243;1192
1194;1144;1195;1244;1193
1195;1145;1196;1245;1194
1196;1146;1197;1246;1195
1197;1147;1198;1247;1196
1198;1148;1199;1248;1197
1199;1149;1150;1249;1198
1200;1150;1201;1250;1249
1201;1151;1202;1251;1200
1202;1152;1203;1252;1201
1203;1153;1204;1253;1202
1204;1154;1205;1254;1203
1205;1155;1206;1255;1204
1206;1156;1207;1256;1205
1207;1157;1208;1257;1206
1208;1158;1209;1258;1207
1209;1159;1210;1259;1208
1210;1160;1211;1260;1209
1211;1161;1212;1261;1210
1212;1162;1213;1262;1211
1213;1163;1214;1263;1212
1214;1164;1215;1264;1213
1215;1165;1216;1265;1214
1216;1166;1217;1266;1215
1217;1167;1218;1267;1216
1218;1168;1219;1268;1217
1219;1169;1220;1269;1218
1220;1170;1221;1270;1219
1221;1171;1222;1271;1220
1222;1172;1223;1272;1221
1223;1173;1224;1273;1222
1224;1174;1225;1274;1223
1225;1175;1226;1275;1224
1226;1176;1227;1276;1225
1227;1177;1228;1277;1226
1228;1178;1229;1278;1227
1229;1179;1230;1279;1228
1230;1180;1231;1280;1229
1231;1181;1232;1281;1230
1232;1182;1233;1282;1231
1233;1183;1234;1283;1232
1234;1184;1235;1284;1233
1235;1185;1236;1285;1234
1236;1186;1237;1286;1235
1237;1187;1238;1287;1236
1238;1188;1239;1288;1237
1239;1189;1240;1289;1238
1240;1190;1241;1290;1239
1241;1191;1242;1291;1240
1242;1192;1243;1292;1241
1243;1193;1244;1293;1242
1244;1194;1245;1294;1243
1245;1195;1246;1295;1244
1246;1196;1247;1296;1245
1247;1197;1248;1297;1246
1248;1198;1249;1298;1247
1249;1199;1200;1299;1248
1250;1200;1251;1300;1299
1251;1201;1252;1301;1250
1252;1202;1253;1302;1251
1253;1203;1254;1303;1252
1254;1204;1255;1304;1253
1255;1205;1256;1305;1254
1256;1206;1257;1306;1255
1257;1207;1258;1307;1256
1258;1208;1259;1308;1257
1259;1209;1260;1309;1258
1260;1210;1261;1310;1259
1261;1211;1262;1311;1260
1262;1212;1263;1312;1261
1263;1213;1264;1313;1262
1264;1214;1265;1314;1263
1265;1215;1266;1315;1264
1266;1216;1267;1316;1265
1267;1217;1268;1317;1266
1268;1218;1269;1318;1267
1269;1219;1270;1319;1268
1270;1220;1271;1320;1269
1271;1221;1272;1321;1270
1272;1222;1273;1322;1271
1273;1223;1274;1323;1272
1274;1224;1275;1324;1273
1275;1225;1276;1325;1274
1276;1226;1277;1326;1275
1277;1227;1278;1327;1276
1278;1228;1279;1328;1277
1279;1229;1280;1329;1278
1280;1230;1281;1330;1279
1281;1231;1282;1331;1280
1282;1232;1283;1332;1281
1283;1233;1284;1333;1282
1284;1234;1285;1334;1283
1285;1235;1286;1335;1284
1286;1236;1287;1336;1285
1287;1237;1288;1337;1286
1288;1238;1289;1338;1287
1289;1239;1290;1339;1288
1290;1240;1291;1340;1289
1291;1241;1292;1341;1290
1292;1242;1293;1342;1291
1293;1243;1294;1343;1292
1294;1244;1295;1344;1293
1295;1245;1296;1345;1294
1296;1246;1297;1346;1295
1297;1247;1298;1347;1296
1298;1248;1299;1348;1297
1299;1249;1250;1349;1298
1300;1250;1301;1350;1349
1301;1251;1302;1351;1300
1302;1252;1303;1352;1301
1303;1253;1304;1353;1302
1304;1254;1305;1354;1303
1305;1255;1306;1355;1304
1306;1256;1307;1356;1305
1307;1257;1308;1357;1306
1308;1258;1309;1358;1307
1309;1259;1310;1359;1308
1310;1260;1311;1360;1309
1311;1261;1312;1361;1310
1312;1262;1313;1362;1311
1313;1263;1314;1363;1312
1314;1264;1315;1364;1313
1315;1265;1316;1365;1314
1316;1266;1317;1366;1315
1317;1267;1318;1367;1316
1318;1268;1319;1368;1317
1319;1269;1320;1369;1318
1320;1270;1321;1370;1319
1321;1271;1322;1371;1320
1322;1272;1323;1372;1321
1323;1273;1324;1373;1322
1324;1274;1325;1374;1323
1325;1275;1326;1375;1324
1326;1276;1327;1376;1325
1327;1277;1328;1377;1326
1328;1278;1329;1378;1327
1329;1279;1330;1379;1328
1330;1280;1331;1380;1329
1331;1281;1332;1381;1330
1332;1282;1333;1382;1331
1333;1283;1334;1383;1332
1334;1284;1335;1384;1333
1335;1285;1336;1385;1334
1336;1286;1337;1386;1335
1337;1287;1338;1387;1336
1338;1288;1339;1388;1337
1339;1289;1340;1389;1338
1340;1290;1341;1390;1339
1341;1291;1342;1391;1340
1342;1292;1343;1392;1341
1343;1293;1344;1393;1342
1344;1294;1345;1394;1343
1345;1295;1346;1395;1344
1346;1296;1347;1396;1345
1347;1297;1348;1397;1346
1348;1298;1349;1398;1347
1349;1299;1300;1399;1348
1350;1300;1351;1400;1399
1351;1301;1352;1401;1350
1352;1302;1353;1402;1351
1353;1303;1354;1403;1352
1354;1304;1355;1404;1353
1355;1305;1356;1405;1354
1356;1306;1357;1406;1355
1357;1307;1358;1407;1356
1358;1308;1359;1408;1357
1359;1309;1360;1409;1358
1360;1310;1361;1410;1359
1361;1311;1362;1411;1360
1362;1312;1363;1412;1361
1363;1313;1364;1413;1362
1364;1314;1365;1414;1363
1365;1315;1366;1415;1364
1366;1316;1367;1416;1365
1367;1317;1368;1417;1366
1368;1318;1369;1418;1367
1369;1319;1370;1419;1368
1370;1320;1371;1420;1369
1371;1321;1372;1421;1370
1372;1322;1373;1422;1371
1373;1323;1374;1423;1372
1374;1324;1375;1424;1373
1375;1325;1376;1425;1374
1376;1326;1377;1426;1375
1377;1327;1378;1427;1376
1378;1328;1379;1428;1377
1379;1329;1380;1429;1378
1380;1330;1381;1430;1379
1381;1331;1382;1431;1380
1382;1332;1383;1432;1381
1383;1333;1384;1433;1382
1384;1334;1385;1434;1383
1385;1335;1386;1435;1384
1386;1336;1387;1436;1385
1387;1337;1388;1437;1386
1388;1338;1389;1438;1387
1389;1339;1390;1439;1388
1390;1340;1391;1440;1389
1391;1341;1392;1441;1390
1392;1342;1393;1442;1391
1393;1343;1394;1443;1392
1394;1344;1395;1444;1393
1395;1345;1396;1445;1394
1396;1346;1397;1446;1395
1397;1347;1398;1447;1396
1398;1348;1399;1448;1397
1399;1349;1350;1449;1398
1400;1350;1401;1450;1449
1401;1351;1402;1451;1400
1402;1352;1403;1452;1401
1403;1353;1404;1453;1402
1404;1354;1405;1454;1403
1405;1355;1406;1455;1404
1406;1356;1407;1456;1405
1407;1357;1408;1457;1406
1408;1358;1409;1458;1407
1409;1359;1410;1459;1408
1410;1360;1411;1460;1409
1411;1361;1412;1461;1410
1412;1362;1413;1462;1411
1413;1363;1414;1463;1412
1414;1364;1415;1464;1413
1415;1365;1416;1465;1414
1416;1366;1417;1466;1415
1417;1367;1418;1467;1416
1418;1368;1419;1468;1417
1419;1369;1420;1469;1418
1420;1370;1421;1470;1419
1421;1371;1422;1471;1420
1422;1372;1423;1472;1421
1423;1373;1424;1473;1422
1424;1374;1425;1474;1423
1425;1375;1426;1475;1424
1426;1376;1427;1476;1425
1427;1377;1428;1477;1426
1428;1378;1429;1478;1427
1429;1379;1430;1479;1428
1430;1380;1431;1480;1429
1431;1381;1432;1481;1430
1432;1382;1433;1482;1431
1433;1383;1434;1483;1432
1434;1384;1435;1484;1433
1435;1385;1436;1485;1434
1436;1386;1437;1486;1435
1437;1387;1438;1487;1436
1438;1388;1439;1488;1437
1439;1389;1440;1489;1438
1440;1390;1441;1490;1439
1441;1391;1442;1491;1440
1442;1392;1443;1492;1441
1443;1393;1444;1493;1442
1444;1394;1445;1494;1443
1445;1395;1446;1495;1444
1446;1396;1447;1496;1445
1447;1397;1448;1497;1446
1448;1398;1449;1498;1447
1449;1399;1400;1499;1448
1450;1400;1451;1500;1499
1451;1401;1452;1501;1450
1452;1402;1453;1502;1451
1453;1403;1454;1503;1452
1454;1404;1455;1504;1453
1455;1405;1456;1505;1454
1456;1406;1457;1506;1455
1457;1407;1458;1507;1456
1458;1408;1459;1508;1457
1459;1409;1460;1509;1458
1460;1410;1461;1510;1459
1461;1411;1462;1511;1460
1462;1412;1463;1512;1461
1463;1413;1464;1513;1462
1464;1414;1465;1514;1463
1465;1415;1466;1515;1464
1466;1416;1467;1516;1465
1467;1417;1468;1517;1466
1468;1418;1469;1518;1467
1469;1419;1470;1519;1468
1470;1420;1471;1520;1469
1471;1421;1472;1521;1470
1472;1422;1473;1522;1471
1473;1423;1474;1523;1472
1474;1424;1475;1524;1473
1475;1425;1476;1525;1474
1476;1426;1477;1526;1475
1477;1427;1478;1527;1476
1478;1428;1479;1528;1477
1479;1429;1480;1529;1478
1480;1430;1481;1530;1479
1481;1431;1482;1531;1480
1482;1432;1483;1532;1481
1483;1433;1484;1533;1482
1484;1434;1485;1534;1483
1485;1435;1486;1535;1484
1486;1436;1487;1536;1485
1487;1437;1488;1537;1486
1488;1438;1489;1538;1487
1489;1439;1490;1539;1488
1490;1440;1491;1540;1489
1491;1441;1492;1541;1490
1492;1442;1493;1542;1491
1493;1443;1494;1543;1492
1494;1444;1495;1544;1493
1495;1445;1496;1545;1494
1496;1446;1497;1546;1495
1497;1447;1498;1547;1496
1498;1448;1499;1548;1497
1499;1449;1450;1549;1498
1500;1450;1501;1550;1549
1501;1451;1502;1551;1500
1502;1452;1503;1552;1501
1503;1453;1504;1553;1502
1504;1454;1505;1554;1503
1505;1455;1506;1555;1504
1506;1456;1507;1556;1505
1507;1457;1508;1557;1506
1508;1458;1509;1558;1507
1509;1459;1510;1559;1508
1510;1460;1511;1560;1509
1511;1461;1512;1561;1510
1512;1462;1513;1562;1511
1513;1463;1514;1563;1512
1514;1464;1515;1564;1513
1515;1465;1516;1565;1514
1516;1466;1517;1566;1515
1517;1467;1518;1567;1516
1518;1468;1519;1568;1517
1519;1469;1520;1569;1518
1520;1470;1521;1570;1519
1521;1471;1522;1571;1520
1522;1472;1523;1572;1521
1523;1473;1524;1573;1522
1524;1474;1525;1574;1523
1525;1475;1526;1575;1524
1526;1476;1527;1576;1525
1527;1477;1528;1577;1526
1528;1478;1529;1578;1527
1529;1479;1530;1579;1528
1530;1480;1531;1580;1529
1531;1481;1532;1581;1530
1532;1482;1533;1582;1531
1533;1483;1534;1583;1532
1534;1484;1535;1584;1533
1535;1485;1536;1585;1534
1536;1486;1537;1586;1535
1537;1487;1538;1587;1536
1538;1488;1539;1588;1537
1539;1489;1540;1589;1538
1540;1490;1541;1590;1539
1541;1491;1542;1591;1540
1542;1492;1543;1592;1541
1543;1493;1544;1593;1542
1544;1494;1545;1594;1543
1545;1495;1546;1595;1544
1546;1496;1547;1596;1545
1547;1497;1548;1597;1546
1548;1498;1549;1598;1547
1549;1499;1500;1599;1548
1550;1500;1551;1600;1599
1551;1501;1552;1601;1550
1552;1502;1553;1602;1551
1553;1503;1554;1603;1552
1554;1504;1555;1604;1553
1555;1505;1556;1605;1554
1556;1506;1557;1606;1555
1557;1507;1558;1607;1556
1558;1508;1559;1608;1557
1559;1509;1560;1609;1558
1560;1510;1561;1610;1559
1561;1511;1562;1611;1560
1562;1512;1563;1612;1561
1563;1513;1564;1613;1562
1564;1514;1565;1614;1563
1565;1515;1566;1615;1564
1566;1516;1567;1616;1565
1567;1517;1568;1617;1566
1568;1518;1569;1618;1567
1569;1519;1570;1619;1568
1570;1520;1571;1620;1569
1571;1521;1572;1621;1570
1572;1522;1573;1622;1571
1573;1523;1574;1623;1572
1574;1524;1575;1624;1573
1575;1525;1576;1625;1574
1576;1526;1577;1626;1575
1577;1527;1578;1627;1576
1578;1528;1579;1628;1577
1579;1529;1580;1629;1578
1580;1530;1581;1630;1579
1581;1531;1582;1631;1580
1582;1532;1583;1632;1581
1583;1533;1584;1633;1582
1584;1534;1585;1634;1583
1585;1535;1586;1635;1584
1586;1536;1587;1636;1585
1587;1537;1588;1637;1586
1588;1538;1589;1638;1587
1589;1539;1590;1639;1588
1590;1540;1591;1640;1589
1591;1541;1592;1641;1590
1592;1542;1593;1642;1591
1593;1543;1594;1643;1592
1594;1544;1595;1644;1593
1595;1545;1596;1645;1594
1596;1546;1597;1646;1595
1597;1547;1598;1647;1596
1598;1548;1599;1648;1597
1599;1549;1550;1649;1598
1600;1550;1601;1650;1649
1601;1551;1602;1651;1600
1602;1552;1603;1652;1601
1603;1553;1604;1653;1602
1604;1554;1605;1654;1603
1605;1555;1606;1655;1604
1606;1556;1607;1656;1605
1607;1557;1608;1657;1606
1608;1558;1609;1658;1607
1609;1559;1610;1659;1608
1610;1560;1611;1660;1609
1611;1561;1612;1661;1610
1612;1562;1613;1662;1611
1613;1563;1614;1663;1612
1614;1564;1615;1664;1613
1615;1565;1616;1665;1614
1616;1566;1617;1666;1615
1617;1567;1618;1667;1616
1618;1568;1619;1668;1617
1619;1569;1620;1669;1618
1620;1570;1621;1670;1619
1621;1571;1622;1671;1620
1622;1572;1623;1672;1621
1623;1573;1624;1673;1622
1624;1574;1625;1674;1623
1625;1575;1626;1675;1624
1626;1576;1627;1676;1625
1627;1577;1628;1677;1626
1628;1578;1629;1678;1627
1629;1579;1630;1679;1628
1630;1580;1631;1680;1629
1631;1581;1632;1681;1630
1632;1582;1633;1682;1631
1633;1583;1634;1683;1632
1634;1584;1635;1684;1633
1635;1585;1636;1685;1634
1636;1586;1637;1686;1635
1637;1587;1638;1687;1636
1638;1588;1639;1688;1637
1639;1589;1640;1689;1638
1640;1590;1641;1690;1639
1641;1591;1642;1691;1640
1642;1592;1643;1692;1641
1643;1593;1644;1693;1642
1644;1594;1645;1694;1643
1645;1595;1646;1695;1644
1646;1596;1647;1696;1645
1647;1597;1648;1697;1646
1648;1598;1649;1698;1647
1649;1599;1600;1699;1648
1650;1600;1651;1700;1699
1651;1601;1652;1701;1650
1652;1602;1653;1702;1651
1653;1603;1654;1703;1652
1654;1604;1655;1704;1653
1655;1605;1656;1705;1654
1656;1606;1657;1706;1655
1657;1607;1658;1707;1656
1658;1608;1659;1708;1657
1659;1609;1660;1709;1658
1660;1610;1661;1710;1659
1661;1611;1662;1711;1660
1662;1612;1663;1712;1661
1663;1613;1664;1713;1662
1664;1614;1665;1714;1663
1665;1615;1666;1715;1664
1666;1616;1667;1716;1665
1667;1617;1668;1717;1666
1668;1618;1669;1718;1667
1669;1619;1670;1719;1668
1670;1620;1671;1720;1669
1671;1621;1672;1721;1670
1672;1622;1673;1722;1671
1673;1623;1674;1723;1672
1674;1624;1675;1724;1673
1675;1625;1676;1725;1674
1676;1626;1677;1726;1675
1677;1627;1678;1727;1676
1678;1628;1679;1728;1677
1679;1629;1680;1729;1678
1680;1630;1681;1730;1679
1681;1631;1682;1731;1680
1682;1632;1683;1732;1681
1683;1633;1684;1733;1682
1684;1634;1685;1734;1683
1685;1635;1686;1735;1684
1686;1636;1687;1736;1685
1687;1637;1688;1737;1686
1688;1638;1689;1738;1687
1689;1639;1690;1739;1688
1690;1640;1691;1740;1689
1691;1641;1692;1741;1690
1692;1642;1693;1742;1691
1693;1643;1694;1743;1692
1694;1644;1695;1744;1693
1695;1645;1696;1745;1694
1696;1646;1697;1746;1695
1697;1647;1698;1747;1696
1698;1648;1699;1748;1697
1699;1649;1650;1749;1698
1700;1650;1701;1750;1749
1701;1651;1702;1751;1700
1702;1652;1703;1752;1701
1703;1653;1704;1753;1702
1704;1654;1705;1754;1703
1705;1655;1706;1755;1704
1706;1656;1707;1756;1705
1707;1657;1708;1757;1706
1708;1658;1709;1758;1707
1709;1659;1710;1759;1708
1710;1660;1711;1760;1709
1711;1661;1712;1761;1710
1712;1662;1713;1762;1711
1713;1663;1714;1763;1712
1714;1664;1715;1764;1713
1715;1665;1716;1765;1714
1716;1666;1717;1766;1715
1717;1667;1718;1767;1716
1718;1668;1719;1768;1717
1719;1669;1720;1769;1718
1720;1670;1721;1770;1719
1721;1671;1722;1771;1720
1722;1672;1723;1772;1721
1723;1673;1724;1773;1722
1724;1674;1725;1774;1723
1725;1675;1726;1775;1724
1726;1676;1727;1776;1725
1727;1677;1728;1777;1726
1728;1678;1729;1778;1727
1729;1679;1730;1779;1728
1730;1680;1731;1780;1729
1731;1681;1732;1781;1730
1732;1682;1733;1782;1731
1733;1683;1734;1783;1732
1734;1684;1735;1784;1733
1735;1685;1736;1785;1734
1736;1686;1737;1786;1735
1737;1687;1738;1787;1736
1738;1688;1739;1788;1737
1739;1689;1740;1789;1738
1740;1690;1741;1790;1739
1741;1691;1742;1791;1740
1742;1692;1743;1792;1741
1743;1693;1744;1793;1742
1744;1694;1745;1794;1743
1745;1695;1746;1795;1744
1746;1696;1747;1796;1745
1747;1697;1748;1797;1746
1748;1698;1749;1798;1747
1749;1699;1700;1799;1748
1750;1700;1751;1800;1799
1751;1701;1752;1801;1750
1752;1702;1753;1802;1751
1753;1703;1754;1803;1752
1754;1704;1755;1804;1753
1755;1705;1756;1805;1754
1756;1706;1757;1806;1755
1757;1707;1758;1807;1756
1758;1708;1759;1808;1757
1759;1709;1760;1809;1758
1760;1710;1761;1810;1759
1761;1711;1762;1811;1760
1762;1712;1763;1812;1761
1763;1713;1764;1813;1762
1764;1714;1765;1814;1763
1765;1715;1766;1815;1764
1766;1716;1767;1816;1765
1767;1717;1768;1817;1766
1768;1718;1769;1818;1767
1769;1719;1770;1819;1768
1770;1720;1771;1820;1769
1771;1721;1772;1821;1770
1772;1722;1773;1822;1771
1773;1723;1774;1823;1772
1774;1724;1775;1824;1773
1775;1725;1776;1825;1774
1776;1726;1777;1826;1775
1777;1727;1778;1827;1776
1778;1728;1779;1828;1777
1779;1729;1780;1829;1778
1780;1730;1781;1830;1779
1781;1731;1782;1831;1780
1782;1732;1783;1832;1781
1783;1733;1784;1833;1782
1784;1734;1785;1834;1783
1785;1735;1786;1835;1784
1786;1736;1787;1836;1785
1787;1737;1788;1837;1786
1788;1738;1789;1838;1787
1789;1739;1790;1839;1788
1790;1740;1791;1840;1789
1791;1741;1792;1841;1790
1792;1742;1793;1842;1791
1793;1743;1794;1843;1792
1794;1744;1795;1844;1793
1795;1745;1796;1845;1794
1796;1746;1797;1846;1795
1797;1747;1798;1847;1796
1798;1748;1799;1848;1797
1799;1749;1750;1849;1798
1800;1750;1801;1850;1849
1801;1751;1802;1851;1800
1802;1752;1803;1852;1801
1803;1753;1804;1853;1802
1804;1754;1805;1854;1803
1805;1755;1806;1855;1804
1806;1756;1807;1856;1805
1807;1757;1808;1857;1806
1808;1758;1809;1858;1807
1809;1759;1810;1859;1808
1810;1760;1811;1860;1809
1811;1761;1812;1861;1810
1812;1762;1813;1862;1811
1813;1763;1814;1863;1812
1814;1764;1815;1864;1813
1815;1765;1816;1865;1814
1816;1766;1817;1866;1815
1817;1767;1818;1867;1816
1818;1768;1819;1868;1817
1819;1769;1820;1869;1818
1820;1770;1821;1870;1819
1821;1771;1822;1871;1820
1822;1772;1823;1872;1821
1823;1773;1824;1873;1822
1824;1774;1825;1874;1823
1825;1775;1826;1875;1824
1826;1776;1827;1876;1825
1827;1777;1828;1877;1826
1828;1778;1829;1878;1827
1829;1779;1830;1879;1828
1830;1780;1831;1880;1829
1831;1781;1832;1881;1830
1832;1782;1833;1882;1831
1833;1783;1834;1883;1832
1834;1784;1835;1884;1833
1835;1785;1836;1885;1834
1836;1786;1837;1886;1835
1837;1787;1838;1887;1836
1838;1788;1839;1888;1837
1839;1789;1840;1889;1838
1840;1790;1841;1890;1839
1841;1791;1842;1891;1840
1842;1792;1843;1892;1841
1843;1793;1844;1893;1842
1844;1794;1845;1894;1843
1845;1795;1846;1895;1844
1846;1796;1847;1896;1845
1847;1797;1848;1897;1846
1848;1798;1849;1898;1847
1849;1799;1800;1899;1848
1850;1800;1851;1900;1899
1851;1801;1852;1901;1850
1852;1802;1853;1902;1851
1853;1803;1854;1903;1852
1854;1804;1855;1904;1853
1855;1805;1856;1905;1854
1856;1806;1857;1906;1855
1857;1807;1858;1907;1856
1858;1808;1859;1908;1857
1859;1809;1860;1909;1858
1860;1810;1861;1910;1859
1861;1811;1862;1911;1860
1862;1812;1863;1912;1861
1863;1813;1864;1913;1862
1864;1814;1865;1914;1863
1865;1815;1866;1915;1864
1866;1816;1867;1916;1865
1867;1817;1868;1917;1866
1868;1818;1869;1918;1867
1869;1819;1870;1919;1868
1870;1820;1871;1920;1869
1871;1821;1872;1921;1870
1872;1822;1873;1922;1871
1873;1823;1874;1923;1872
1874;1824;1875;1924;1873
1875;1825;1876;1925;1874
1876;1826;1877;1926;1875
1877;1827;1878;1927;1876
1878;1828;1879;1928;1877
1879;1829;1880;1929;1878
1880;1830;1881;1930;1879
1881;1831;1882;1931;1880
1882;1832;1883;1932;1881
1883;1833;1884;1933;1882
1884;1834;1885;1934;1883
1885;1835;1886;1935;1884
1886;1836;1887;1936;1885
1887;1837;1888;1937;1886
1888;1838;1889;1938;1887
1889;1839;1890;1939;1888
1890;1840;1891;1940;1889
1891;1841;1892;1941;1890
1892;1842;1893;1942;1891
1893;1843;1894;1943;1892
1894;1844;1895;1944;1893
1895;1845;1896;1945;1894
1896;1846;1897;1946;1895
1897;1847;1898;1947;1896
1898;1848;1899;1948;1897
1899;1849;1850;1949;1898
1900;1850;1901;1950;1949
1901;1851;1902;1951;1900
1902;1852;1903;1952;1901
1903;1853;1904;1953;1902
1904;1854;1905;1954;1903
1905;1855;1906;1955;1904
1906;1856;1907;1956;1905
1907;1857;1908;1957;1906
1908;1858;1909;1958;1907
1909;1859;1910;1959;1908
1910;1860;1911;1960;1909
1911;1861;1912;1961;1910
1912;1862;1913;1962;1911
1913;1863;1914;1963;1912
1914;1864;1915;1964;1913
1915;1865;1916;1965;1914
1916;1866;1917;1966;1915
1917;1867;1918;1967;1916
1918;1868;1919;1968;1917
1919;1869;1920;1969;1918
1920;1870;1921;1970;1919
1921;1871;1922;1971;1920
1922;1872;1923;1972;1921
1923;1873;1924;1973;1922
1924;1874;1925;1974;1923
1925;1875;1926;1975;1924
1926;1876;1927;1976;1925
1927;1877;1928;1977;1926
1928;1878;1929;1978;1927
1929;1879;1930;1979;1928
1930;1880;1931;1980;1929
1931;1881;1932;1981;1930
1932;1882;1933;1982;1931
1933;1883;1934;1983;1932
1934;1884;1935;1984;1933
1935;1885;1936;1985;1934
1936;1886;1937;1986;1935
1937;1887;1938;1987;1936
1938;1888;1939;1988;1937
1939;1889;1940;1989;1938
1940;1890;1941;1990;1939
1941;1891;1942;1991;1940
1942;1892;1943;1992;1941
1943;1893;1944;1993;1942
1944;1894;1945;1994;1943
1945;1895;1946;1995;1944
1946;1896;1947;1996;1945
1947;1897;1948;1997;1946
1948;1898;1949;1998;1947
1949;1899;1900;1999;1948
1950;1900;1951;2000;1999
1951;1901;1952;2001;1950
1952;1902;1953;2002;1951
1953;1903;1954;2003;1952
1954;1904;1955;2004;1953
1955;1905;1956;2005;1954
1956;1906;1957;2006;1955
1957;1907;1958;2007;1956
1958;1908;1959;2008;1957
1959;1909;1960;2009;1958
1960;1910;1961;2010;1959
1961;1911;1962;2011;1960
1962;1912;1963;2012;1961
1963;1913;1964;2013;1962
1964;1914;1965;2014;1963
1965;1915;1966;2015;1964
1966;1916;1967;2016;1965
1967;1917;1968;2017;1966
1968;1918;1969;2018;1967
1969;1919;1970;2019;1968
1970;1920;1971;2020;1969
1971;1921;1972;2021;1970
1972;1922;1973;2022;1971
1973;1923;1974;2023;1972
1974;1924;1975;2024;1973
1975;1925;1976;2025;1974
1976;1926;1977;2026;1975
1977;1927;1978;2027;1976
1978;1928;1979;2028;1977
1979;1929;1980;2029;1978
1980;1930;1981;2030;1979
1981;1931;1982;2031;1980
1982;1932;1983;2032;1981
1983;1933;1984;2033;1982
1984;1934;1985;2034;1983
1985;1935;1986;2035;1984
1986;1936;1987;2036;1985
1987;1937;1988;2037;1986
1988;1938;1989;2038;1987
1989;1939;1990;2039;1988
1990;1940;1991;2040;1989
1991;1941;1992;2041;1990
1992;1942;1993;2042;1991
1993;1943;1994;2043;1992
1994;1944;1995;2044;1993
1995;1945;1996;2045;1994
1996;1946;1997;2046;1995
1997;1947;1998;2047;1996
1998;1948;1999;2048;1997
1999;1949;1950;2049;1998
2000;1950;2001;2050;2049
2001;1951;2002;2051;2000
2002;1952;2003;2052;2001
2003;1953;2004;2053;2002
2004;1954;2005;2054;2003
2005;1955;2006;2055;2004
2006;1956;2007;2056;2005
2007;1957;2008;2057;2006
2008;1958;2009;2058;2007
2009;1959;2010;2059;2008
2010;1960;2011;2060;2009
2011;1961;2012;2061;2010
2012;1962;2013;2062;2011
2013;1963;2014;2063;2012
2014;1964;2015;2064;2013
2015;1965;2016;2065;2014
2016;1966;2017;2066;2015
2017;1967;2018;2067;2016
2018;1968;2019;2068;2017
2019;1969;2020;2069;2018
2020;1970;2021;2070;2019
2021;1971;2022;2071;2020
2022;1972;2023;2072;2021
2023;1973;2024;2073;2022
2024;1974;2025;2074;2023
2025;1975;2026;2075;2024
2026;1976;2027;2076;2025
2027;1977;2028;2077;2026
2028;1978;2029;2078;2027
2029;1979;2030;2079;2028
2030;1980;2031;2080;2029
2031;1981;2032;2081;2030
2032;1982;2033;2082;2031
2033;1983;2034;2083;2032
2034;1984;2035;2084;2033
2035;1985;2036;2085;2034
2036;1986;2037;2086;2035
2037;1987;2038;2087;2036
2038;1988;2039;2088;2037
2039;1989;2040;2089;2038
2040;1990;2041;2090;2039
2041;1991;2042;2091;2040
2042;1992;2043;2092;2041
2043;1993;2044;2093;2042
2044;1994;2045;2094;2043
2045;1995;2046;2095;2044
2046;1996;2047;2096;2045
2047;1997;2048;2097;2046
2048;1998;2049;2098;2047
2049;1999;2000;2099;2048
2050;2000;2051;2100;2099
2051;2001;2052;2101;2050
2052;2002;2053;2102;2051
2053;2003;2054;2103;2052
2054;2004;2055;2104;2053
2055;2005;2056;2105;2054
2056;2006;2057;2106;2055
2057;2007;2058;2107;2056
2058;2008;2059;2108;2057
2059;2009;2060;2109;2058
2060;2010;2061;2110;2059
2061;2011;2062;2111;2060
2062;2012;2063;2112;2061
2063;2013;2064;2113;2062
2064;2014;2065;2114;2063
2065;2015;2066;2115;2064
2066;2016;2067;2116;2065
2067;2017;2068;2117;2066
2068;2018;2069;2118;2067
2069;2019;2070;2119;2068
2070;2020;2071;2120;2069
2071;2021;2072;2121;2070
2072;2022;2073;2122;2071
2073;2023;2074;2123;2072
2074;2024;2075;2124;2073
2075;2025;2076;2125;2074
2076;2026;2077;2126;2075
2077;2027;2078;2127;2076
2078;2028;2079;2128;2077
2079;2029;2080;2129;2078
2080;2030;2081;2130;2079
2081;2031;2082;2131;2080
2082;2032;2083;2132;2081
2083;2033;2084;2133;2082
2084;2034;2085;2134;2083
2085;2035;2086;2135;2084
2086;2036;2087;2136;2085
2087;2037;2088;2137;2086
2088;2038;2089;2138;2087
2089;2039;2090;2139;2088
2090;2040;2091;2140;2089
2091;2041;2092;2141;2090
2092;2042;2093;2142;2091
2093;2043;2094;2143;2092
2094;2044;2095;2144;2093
2095;2045;2096;2145;2094
2096;2046;2097;2146;2095
2097;2047;2098;2147;2096
2098;2048;2099;2148;2097
2099;2049;2050;2149;2098
2100;2050;2101;2150;2149
2101;2051;2102;2151;2100
2102;2052;2103;2152;2101
2103;2053;2104;2153;2102
2104;2054;2105;2154;2103
2105;2055;2106;2155;2104
2106;2056;2107;2156;2105
2107;2057;2108;2157;2106
2108;2058;2109;2158;2107
2109;2059;2110;2159;2108
2110;2060;2111;2160;2109
2111;2061;2112;2161;2110
2112;2062;2113;2162;2111
2113;2063;2114;2163;2112
2114;2064;2115;2164;2113
2115;2065;2116;2165;2114
2116;2066;2117;2166;2115
2117;2067;2118;2167;2116
2118;2068;2119;2168;2117
2119;2069;2120;2169;2118
2120;2070;2121;2170;2119
2121;2071;2122;2171;2120
2122;2072;2123;2172;2121
2123;2073;2124;2173;2122
2124;2074;2125;2174;2123
2125;2075;2126;2175;2124
2126;2076;2127;2176;2125
2127;2077;2128;2177;2126
2128;2078;2129;2178;2127
2129;2079;2130;2179;2128
2130;2080;2131;2180;2129
2131;2081;2132;2181;2130
2132;2082;2133;2182;2131
2133;2083;2134;2183;2132
2134;2084;2135;2184;2133
2135;2085;2136;2185;2134
2136;2086;2137;2186;2135
2137;2087;2138;2187;2136
2138;2088;2139;2188;2137
2139;2089;2140;2189;2138
2140;2090;2141;2190;2139
2141;2091;2142;2191;2140
2142;2092;2143;2192;2141
2143;2093;2144;2193;2142
2144;2094;2145;2194;2143
2145;2095;2146;2195;2144
2146;2096;2147;2196;2145
2147;2097;2148;2197;2146
2148;2098;2149;2198;2147
2149;2099;2100;2199;2148
2150;2100;2151;2200;2199
2151;2101;2152;2201;2150
2152;2102;2153;2202;2151
2153;2103;2154;2203;2152
2154;2104;2155;2204;2153
2155;2105;2156;2205;2154
2156;2106;2157;2206;2155
2157;2107;2158;2207;2156
2158;2108;2159;2208;2157
2159;2109;2160;2209;2158
2160;2110;2161;2210;2159
2161;2111;2162;2211;2160
2162;2112;2163;2212;2161
2163;2113;2164;2213;2162
2164;2114;2165;2214;2163
2165;2115;2166;2215;2164
2166;2116;2167;2216;2165
2167;2117;2168;2217;2166
2168;2118;2169;2218;2167
2169;2119;2170;2219;2168
2170;2120;2171;2220;2169
2171;2121;2172;2221;2170
2172;2122;2173;2222;2171
2173;2123;2174;2223;2172
2174;2124;2175;2224;2173
2175;2125;2176;2225;2174
2176;2126;2177;2226;2175
2177;2127;2178;2227;2176
2178;2128;2179;2228;2177
2179;2129;2180;2229;2178
2180;2130;2181;2230;2179
2181;2131;2182;2231;2180
2182;2132;2183;2232;2181
2183;2133;2184;2233;2182
2184;2134;2185;2234;2183
2185;2135;2186;2235;2184
2186;2136;2187;2236;2185
2187;2137;2188;2237;2186
2188;2138;2189;2238;2187
2189;2139;2190;2239;2188
2190;2140;2191;2240;2189
2191;2141;2192;2241;2190
2192;2142;2193;2242;2191
2193;2143;2194;2243;2192
2194;2144;2195;2244;2193
2195;2145;2196;2245;2194
2196;2146;2197;2246;2195
2197;2147;2198;2247;2196
2198;2148;2199;2248;2197
2199;2149;2150;2249;2198
2200;2150;2201;2250;2249
2201;2151;2202;2251;2200
2202;2152;2203;2252;2201
2203;2153;2204;2253;2202
2204;2154;2205;2254;2203
2205;2155;2206;2255;2204
2206;2156;2207;2256;2205
2207;2157;2208;2257;2206
2208;2158;2209;2258;2207
2209;2159;2210;2259;2208
2210;2160;2211;2260;2209
2211;2161;2212;2261;2210
2212;2162;2213;2262;2211
2213;2163;2214;2263;2212
2214;2164;2215;2264;2213
2215;2165;2216;2265;2214
2216;2166;2217;2266;2215
2217;2167;2218;2267;2216
2218;2168;2219;2268;2217
2219;2169;2220;2269;2218
2220;2170;2221;2270;2219
2221;2171;2222;2271;2220
2222;2172;2223;2272;2221
2223;2173;2224;2273;2222
2224;2174;2225;2274;2223
2225;2175;2226;2275;2224
2226;2176;2227;2276;2225
2227;2177;2228;2277;2226
2228;2178;2229;2278;2227
2229;2179;2230;2279;2228
2230;2180;2231;2280;2229
2231;2181;2232;2281;2230
2232;2182;2233;2282;2231
2233;2183;2234;2283;2232
2234;2184;2235;2284;2233
2235;2185;2236;2285;2234
2236;2186;2237;2286;2235
2237;2187;2238;2287;2236
2238;2188;2239;2288;2237
2239;2189;2240;2289;2238
2240;2190;2241;2290;2239
2241;2191;2242;2291;2240
2242;2192;2243;2292;2241
2243;2193;2244;2293;2242
2244;2194;2245;2294;2243
2245;2195;2246;2295;2244
2246;2196;2247;2296;2245
2247;2197;2248;2297;2246
2248;2198;2249;2298;2247
2249;2199;2200;2299;2248
2250;2200;2251;2300;2299
2251;2201;2252;2301;2250
2252;2202;2253;2302;2251
2253;2203;2254;2303;2252
2254;2204;2255;2304;2253
2255;2205;2256;2305;2254
2256;2206;2257;2306;2255
2257;2207;2258;2307;2256
2258;2208;2259;2308;2257
2259;2209;2260;2309;2258
2260;2210;2261;2310;2259
2261;2211;2262;2311;2260
2262;2212;2263;2312;2261
2263;2213;2264;2313;2262
2264;2214;2265;2314;2263
2265;2215;2266;2315;2264
2266;2216;2267;2316;2265
2267;2217;2268;2317;2266
2268;2218;2269;2318;2267
2269;2219;2270;2319;2268
2270;2220;2271;2320;2269
2271;2221;2272;2321;2270
2272;2222;2273;2322;2271
2273;2223;2274;2323;2272
2274;2224;2275;2324;2273
2275;2225;2276;2325;2274
2276;2226;2277;2326;2275
2277;2227;2278;2327;2276
2278;2228;2279;2328;2277
2279;2229;2280;2329;2278
2280;2230;2281;2330;2279
2281;2231;2282;2331;2280
2282;2232;2283;2332;2281
2283;2233;2284;2333;2282
2284;2234;2285;2334;2283
2285;2235;2286;2335;2284
2286;2236;2287;2336;2285
2287;2237;2288;2337;2286
2288;2238;2289;2338;2287
2289;2239;2290;2339;2288
2290;2240;2291;2340;2289
2291;2241;2292;2341;2290
2292;2242;2293;2342;2291
2293;2243;2294;2343;2292
2294;2244;2295;2344;2293
2295;2245;2296;2345;2294
2296;2246;2297;2346;2295
2297;2247;2298;2347;2296
2298;2248;2299;2348;2297
2299;2249;2250;2349;2298
2300;2250;2301;2350;2349
2301;2251;2302;2351;2300
2302;2252;2303;2352;2301
2303;2253;2304;2353;2302
2304;2254;2305;2354;2303
2305;2255;2306;2355;2304
2306;2256;2307;2356;2305
2307;2257;2308;2357;2306
2308;2258;2309;2358;2307
2309;2259;2310;2359;2308
2310;2260;2311;2360;2309
2311;2261;2312;2361;2310
2312;2262;2313;2362;2311
2313;2263;2314;2363;2312
2314;2264;2315;2364;2313
2315;2265;2316;2365;2314
2316;2266;2317;2366;2315
2317;2267;2318;2367;2316
2318;2268;2319;2368;2317
2319;2269;2320;2369;2318
2320;2270;2321;2370;2319
2321;2271;2322;2371;2320
2322;2272;2323;2372;2321
2323;2273;2324;2373;2322
2324;2274;2325;2374;2323
2325;2275;2326;2375;2324
2326;2276;2327;2376;2325
2327;2277;2328;2377;2326
2328;2278;2329;2378;2327
2329;2279;2330;2379;2328
2330;2280;2331;2380;2329
2331;2281;2332;2381;2330
2332;2282;2333;2382;2331
2333;2283;2334;2383;2332
2334;2284;2335;2384;2333
2335;2285;2336;2385;2334
2336;2286;2337;2386;2335
2337;2287;2338;2387;2336
2338;2288;2339;2388;2337
2339;2289;2340;2389;2338
2340;2290;2341;2390;2339
2341;2291;2342;2391;2340
2342;2292;2343;2392;2341
2343;2293;2344;2393;2342
2344;2294;2345;2394;2343
2345;2295;2346;2395;2344
2346;2296;2347;2396;2345
2347;2297;2348;2397;2346
2348;2298;2349;2398;2347
2349;2299;2300;2399;2348
2350;2300;2351;2400;2399
2351;2301;2352;2401;2350
2352;2302;2353;2402;2351
2353;2303;2354;2403;2352
2354;2304;2355;2404;2353
2355;2305;2356;2405;2354
2356;2306;2357;2406;2355
2357;2307;2358;2407;2356
2358;2308;2359;2408;2357
2359;2309;2360;2409;2358
2360;2310;2361;2410;2359
2361;2311;2362;2411;2360
2362;2312;2363;2412;2361
2363;2313;2364;2413;2362
2364;2314;2365;2414;2363
2365;2315;2366;2415;2364
2366;2316;2367;2416;2365
2367;2317;2368;2417;2366
2368;2318;2369;2418;2367
2369;2319;2370;2419;2368
2370;2320;2371;2420;2369
2371;2321;2372;2421;2370
2372;2322;2373;2422;2371
2373;2323;2374;2423;2372
2374;2324;2375;2424;2373
2375;2325;2376;2425;2374
2376;2326;2377;2426;2375
2377;2327;2378;2427;2376
2378;2328;2379;2428;2377
2379;2329;2380;2429;2378
2380;2330;2381;2430;2379
2381;2331;2382;2431;2380
2382;2332;2383;2432;2381
2383;2333;2384;2433;2382
2384;2334;2385;2434;2383
2385;2335;2386;2435;2384
2386;2336;2387;2436;2385
2387;2337;2388;2437;2386
2388;2338;2389;2438;2387
2389;2339;2390;2439;2388
2390;2340;2391;2440;2389
2391;2341;2392;2441;2390
2392;2342;2393;2442;2391
2393;2343;2394;2443;2392
2394;2344;2395;2444;2393
2395;2345;2396;2445;2394
2396;2346;2397;2446;2395
2397;2347;2398;2447;2396
2398;2348;2399;2448;2397
2399;2349;2350;2449;2398
2400;2350;2401;2450;2449
2401;2351;2402;2451;2400
2402;2352;2403;2452;2401
2403;2353;2404;2453;2402
2404;2354;2405;2454;2403
2405;2355;2406;2455;2404
2406;2356;2407;2456;2405
2407;2357;2408;2457;2406
2408;2358;2409;2458;2407
2409;2359;2410;2459;2408
2410;2360;2411;2460;2409
2411;2361;2412;2461;2410
2412;2362;2413;2462;2411
2413;2363;2414;2463;2412
2414;2364;2415;2464;2413
2415;2365;2416;2465;2414
2416;2366;2417;2466;2415
2417;2367;2418;2467;2416
2418;2368;2419;2468;2417
2419;2369;2420;2469;2418
2420;2370;2421;2470;2419
2421;2371;2422;2471;2420
2422;2372;2423;2472;2421
2423;2373;2424;2473;2422
2424;2374;2425;2474;2423
2425;2375;2426;2475;2424
2426;2376;2427;2476;2425
2427;2377;2428;2477;2426
2428;2378;2429;2478;2427
2429;2379;2430;2479;2428
2430;2380;2431;2480;2429
2431;2381;2432;2481;2430
2432;2382;2433;2482;2431
2433;2383;2434;2483;2432
2434;2384;2435;2484;2433
2435;2385;2436;2485;2434
2436;2386;2437;2486;2435
2437;2387;2438;2487;2436
2438;2388;2439;2488;2437
2439;2389;2440;2489;2438
2440;2390;2441;2490;2439
2441;2391;2442;2491;2440
2442;2392;2443;2492;2441
2443;2393;2444;2493;2442
2444;2394;2445;2494;2443
2445;2395;2446;2495;2444
2446;2396;2447;2496;2445
2447;2397;2448;2497;2446
2448;2398;2449;2498;2447
2449;2399;2400;2499;2448
2450;2400;2451;0;2499
2451;2401;2452;1;2450
2452;2402;2453;2;2451
2453;2403;2454;3;2452
2454;2404;2455;4;2453
2455;2405;2456;5;2454
2456;2406;2457;6;2455
2457;2407;2458;7;2456
2458;2408;2459;8;2457
2459;2409;2460;9;2458
2460;2410;2461;10;2459
2461;2411;2462;11;2460
2462;2412;2463;12;2461
2463;2413;2464;13;2462
2464;2414;2465;14;2463
2465;2415;2466;15;2464
2466;2416;2467;16;2465
2467;2417;2468;17;2466
2468;2418;2469;18;2467
2469;2419;2470;19;2468
2470;2420;2471;20;2469
2471;2421;2472;21;2470
2472;2422;2473;22;2471
2473;2423;2474;23;2472
2474;2424;2475;24;2473
2475;2425;2476;25;2474
2476;2426;2477;26;2475
2477;2427;2478;27;2476
2478;2428;2479;28;2477
2479;2429;2480;29;2478
2480;2430;2481;30;2479
2481;2431;2482;31;2480
2482;2432;2483;32;2481
2483;2433;2484;33;2482
2484;2434;2485;34;2483
2485;2435;2486;35;2484
2486;2436;2487;36;2485
2487;2437;2488;37;2486
2488;2438;2489;38;2487
2489;2439;2490;39;2488
2490;2440;2491;40;2489
2491;2441;2492;41;2490
2492;2442;2493;42;2491
2493;2443;2494;43;2492
2494;2444;2495;44;2493
2495;2445;2496;45;2494
2496;2446;2497;46;2495
2497;2447;2498;47;2496
2498;2448;2499;48;2497
2499;2449;2450;49;2498
